Inference for Stan model: 8schools.
4 chains, each with iter=10000; warmup=5000; thin=1;
post-warmup draws per chain=5000, total post-warmup draws=20000.

           mean se_mean   sd   2.5%    25%    50%    75%  97.5% n_eff Rhat
mu         7.99    0.05 5.02  -1.65   4.75   7.92  11.15  18.10  8455    1
tau        6.47    0.06 5.44   0.22   2.45   5.18   9.07  20.50  7375    1
eta[1]     0.40    0.01 0.93  -1.49  -0.21   0.42   1.02   2.19 16637    1
eta[2]     0.00    0.01 0.87  -1.73  -0.58   0.00   0.57   1.70 16486    1
eta[3]    -0.20    0.01 0.93  -1.99  -0.82  -0.20   0.41   1.66 20000    1
eta[4]    -0.04    0.01 0.88  -1.80  -0.60  -0.04   0.53   1.74 20000    1
eta[5]    -0.36    0.01 0.88  -2.06  -0.94  -0.38   0.20   1.42 15489    1
eta[6]    -0.22    0.01 0.90  -1.96  -0.82  -0.23   0.37   1.57 20000    1
eta[7]     0.34    0.01 0.89  -1.49  -0.24   0.36   0.93   2.04 16262    1
eta[8]     0.05    0.01 0.94  -1.81  -0.57   0.06   0.69   1.91 20000    1
theta[1]  11.45    0.08 8.27  -1.86   6.07  10.27  15.50  31.68 11788    1
theta[2]   7.93    0.04 6.15  -4.45   3.99   7.90  11.74  20.44 20000    1
theta[3]   6.17    0.06 7.67 -11.17   2.07   6.74  10.89  19.94 16041    1
theta[4]   7.66    0.05 6.51  -5.63   3.75   7.72  11.62  20.78 20000    1
theta[5]   5.13    0.05 6.41  -9.51   1.37   5.66   9.43  16.41 20000    1
theta[6]   6.14    0.05 6.66  -8.63   2.35   6.58  10.40  18.47 20000    1
theta[7]  10.64    0.05 6.76  -1.14   6.11  10.11  14.52  25.88 20000    1
theta[8]   8.42    0.06 7.86  -7.24   3.91   8.26  12.60  25.24 16598    1
lp__     -39.55    0.03 2.64 -45.41 -41.15 -39.31 -37.67 -35.12  6325    1

Samples were drawn using NUTS(diag_e) at Thu Sep 27 16:18:30 2018.
For each parameter, n_eff is a crude measure of effective sample size,
and Rhat is the potential scale reduction factor on split chains (at
convergence, Rhat=1).
